stepX: 2
bounds: (0.020000, 0.020000, 0.001000)
scale: (100.000000, 100.000000, 100.000000)
mesh_name: Sidewalk_05
parent_scale: (1.000000, 1.000000, 1.000000)